colour[255 255 255] line[
0 0
0.0151515 0
0.030303 0
0.0454545 0
0.0454545 0.0294118
0.0606061 0.0294118
0.0606061 0.0588235
0.0606061 0.0882353
0.0606061 0.117647
0.0606061 0.147059
0.0757576 0.147059
0.0757576 0.176471
0.0909091 0.176471
0.0909091 0.205882
0.0909091 0.235294
0.0909091 0.264706
0.106061 0.264706
0.106061 0.294118
0.106061 0.323529
0.121212 0.323529
0.136364 0.323529
0.151515 0.323529
0.151515 0.352941
0.166667 0.352941
0.166667 0.382353
0.166667 0.411765
0.181818 0.411765
0.181818 0.441176
0.19697 0.441176
0.212121 0.441176
0.227273 0.441176
0.227273 0.470588
0.227273 0.5
0.227273 0.529412
0.242424 0.529412
0.242424 0.558824
0.257576 0.558824
0.272727 0.558824
0.272727 0.588235
0.287879 0.588235
0.30303 0.588235
0.318182 0.588235
0.318182 0.617647
0.333333 0.617647
0.348485 0.617647
0.363636 0.617647
0.378788 0.617647
0.393939 0.617647
0.393939 0.647059
0.393939 0.676471
0.393939 0.705882
0.393939 0.735294
0.393939 0.764706
0.409091 0.764706
0.424242 0.764706
0.439394 0.764706
0.454545 0.764706
0.469697 0.764706
0.484848 0.764706
0.5 0.764706
0.515152 0.764706
0.530303 0.764706
0.545455 0.764706
0.560606 0.764706
0.560606 0.794118
0.575758 0.794118
0.575758 0.823529
0.575758 0.852941
0.590909 0.852941
0.606061 0.852941
0.621212 0.852941
0.636364 0.852941
0.636364 0.882353
0.636364 0.911765
0.651515 0.911765
0.666667 0.911765
0.681818 0.911765
0.69697 0.911765
0.712121 0.911765
0.712121 0.941176
0.727273 0.941176
0.742424 0.941176
0.757576 0.941176
0.772727 0.941176
0.787879 0.941176
0.80303 0.941176
0.818182 0.941176
0.818182 0.970588
0.833333 0.970588
0.833333 1
0.848485 1
0.863636 1
0.878788 1
0.893939 1
0.909091 1
0.924242 1
0.939394 1
0.954545 1
0.969697 1
0.984848 1
1 1
] approve
